%% Mass Center

Pc(:, 1) = [ -3.94e-06;  0.001804699;  -0.0748562];
Pc(:, 2) = [2.2339e-05;   0.07515658;  -0.0301928];
Pc(:, 3) = [-2.234e-05;  0.009582299;  -0.0966774];
Pc(:, 4) = [-3.269e-05;   0.09546485;  -0.0287837];
Pc(:, 5) = [6.4423e-05;  -0.00987523;  -0.0607337];
Pc(:, 6) = [5.6819e-05;   0.04279498; -0.00982194];
Pc(:, 7) = [         0;       -2e-05;    -0.01702];

%% Mass

m = [1.290800 1.344200 1.344200 1.094520 0.590200 0.590200 0.239480];

%% Inertia

I(:, :, 1) = [100, 0, 0; 0, 100, 0; 0, 0, 100];
I(:, :, 2) = [100, 0, 0; 0, 100, 0; 0, 0, 100];
I(:, :, 3) = [100, 0, 0; 0, 100, 0; 0, 0, 100];
I(:, :, 4) = [100, 0, 0; 0, 100, 0; 0, 0, 100];
I(:, :, 5) = [100, 0, 0; 0, 100, 0; 0, 0, 100];
I(:, :, 6) = [100, 0, 0; 0, 100, 0; 0, 0, 100];
I(:, :, 7) = [100, 0, 0; 0, 100, 0; 0, 0, 100];